Dataset: MR
  accuracy: 0.6616314199395771
  recall: 0.6616373212117893
  f1-score: 0.6616283315078496

Dataset: Semeval2017A
  accuracy: 0.5997232171930967
  recall: 0.5908524704313233
  f1-score: 0.5767538788583036
