Dataset: MR
  accuracy: 0.6661631419939577
  recall: 0.6671164720569875
  f1-score: 0.665686361880997

Dataset: Semeval2017A
  accuracy: 0.6001302507326604
  recall: 0.5942350058508398
  f1-score: 0.575289351437733
