Dataset: MR
  accuracy: 0.7265861027190332
  recall: 0.7325483363309353
  f1-score: 0.7248223041326489

Dataset: Semeval2017A
  accuracy: 0.617551286225985
  recall: 0.6281736238911666
  f1-score: 0.5868556921874473
