Dataset: MR
  accuracy: 0.7190332326283988
  recall: 0.7208474061530816
  f1-score: 0.7184550376820078

Dataset: Semeval2017A
  accuracy: 0.607538261152719
  recall: 0.5992488231299927
  f1-score: 0.5937948051559218
