Dataset: MR
  accuracy: 0.716012084592145
  recall: 0.7171537367527641
  f1-score: 0.7156383377354525

Dataset: Semeval2017A
  accuracy: 0.6199120807554542
  recall: 0.6203815314754427
  f1-score: 0.5892598435069948
