Dataset: MR
  accuracy: 0.6963746223564955
  recall: 0.6963907550752154
  f1-score: 0.6963683868244207

Dataset: Semeval2017A
  accuracy: 0.6115271898404429
  recall: 0.6237251843375368
  f1-score: 0.5757126434925862
