Dataset: MR
  accuracy: 0.6676737160120846
  recall: 0.6699131496434418
  f1-score: 0.6665750915750916
