Dataset: MR
  accuracy: 0.7205438066465257
  recall: 0.7233344424726413
  f1-score: 0.7196680972818312
