Dataset: MR
  accuracy: 0.7250755287009063
  recall: 0.7251495092444648
  f1-score: 0.7250529428946983
