Dataset: MR
  accuracy: 0.7507552870090635
  recall: 0.7508674848418438
  f1-score: 0.7507274158764934
