Dataset: MR
  accuracy: 0.6948640483383686
  recall: 0.6950420697782772
  f1-score: 0.6947944054922582
